INTRODUCTION

727444... Andreas, Mit. III. 10 ; Cn. 455
725428... 77 77 77 725 77 257
729954... 77 77 77 755 77 258
755758... 77 77 77 76; 7) 242445

757-740.... 7) 7) »7 79; 8 246
741·744···· 7) )> IV· ; 77 254455
748·743«··· 7) 77 7) ; 8 455

749-754... 7) 7) 77 5 7) 255-256
755-756.... 77 77 77 ; 77 257-458

757-760.... 77 77 7) ; 77258

767474... 77 7) 77 ; 8 259-264

775-776.... 77 7) 77 ; 7) 264-265

777-780.... 77 7) 7) 5 77265466

787 784... 77 77 7) 5 77 467468

785 7.8.9. 7) 77 7) 5 77 469470

797 794. Rodulfus Tort. Mit. 1 ; 77 477-278, Migne CLX, 1189-1192
795 798... 8 7) 77 25 8 278-280, 77 7790-7797
799-804... 77 77 77 5 5 77 280, 8 1198
805806... 77 77 7) 4; 77 280-287, 7) 77974792
807870... 77 77 55 77 487-282, 77 7792-7795
877874... 77 77 65 7) 282484, 77 7795-7794
575878... 77 75 77 284485, 7) 7794
879824... 7 77 85 77 286, 77 7795
825826... 7) 9; 77 286, 77 7795
847850... 77 705 77 286487, 77 7795-7796
857854... 7) 725 77 497492, 7) 77984799
855858... 7) 775 77 287490, 77 77964797
859844... 77 755 77 295, 77 7799
845846... 77 745 77 495496, 77 77994407
847850... 77 75; 7) 496498, 77 72074202
857854... 7) 76; 77 498-500, 77 72044205
855-858...Ι 77 775 77507, 7) 7204 -
859·86z.... 8 78; 77 502-505, 77 72044205
865866... 77 79; 77 505-504, 77 72054406
8678777... 77 205 7) 504506, 77 72064207
877874... 7) 245 77 577-572, 77 7270
875-878... 77 255 7) 572-574, 7) 72704277
879884... 77 245 77 574-577, 77 72774475
885890... 77 255 7) 577-579, 77 7275 7274
897894... 77 46; 77 579-527, 7) 7474-7275
895898... 77 275 7) 527-544, 7) 72754477
899904... 7) 285 77524-525, 77 74774278
905908... ’ 7) 495 7) 525 527, 7) 72784279
907970... 7759( 7740542, 7) 72264227
977974... 77 40( 7) 42 544, 7) 72274429
975978... 7747( 77 7229
979924... 77 4(
7777747-- 7 7 77 47 (4
7777777--Ι ’7 74777777
77777477-- (7 7
935·938··-· '² > )447 463»)

33
8
74 775445
424 77545 45-46, 7) 72294250
7) 546-54 7, 77 72504257
84
34
35

)77
);
77
);
)7

8
9
0
7
2

957-5 77 7254-7255
7-45 , 77 72574255
28847 4 1234

 

